1009

22 4 6 34 52 3 6
22 4 21 459 18 6
22 4 466 480 144 5 6
22 37 411 244 364 1 6
22 37 411 227 22 6
22 37 420 4 6
22 1010 681 124 6 6
22 1010 1002 557 563 190 12 6
22 1010 1002 557 564 254 1 6
22 1010 1002 1012 72 382 19 6
22 298 62 6
45 47 85 6 9
45 48 327 6 9
45 86 85 90 729 162 1 9
45 86 85 225 229 269 11 9
45 86 85 225 232 475 10 9
45 86 95 237 3 9
45 176 185 477 11 9
45 176 186 473 10 9
45 320 278 293 932 468 16 9
45 320 278 293 241 3 9
45 320 278 294 597 1145 133 2 9
45 320 278 294 797 142 134 2 9
45 321 328 367 2 9
45 396 380 383 75 1 9
45 396 408 1164 50 18 9
45 396 408 224 12 9
45 445 451 34 8 9
45 445 452 115 32 9
45 581 276 286 213 7 9
45 581 606 342 22 9
45 581 607 210 5 9
45 581 609 106 2 9
45 721 724 742 361 244 364 8 9
45 721 724 742 361 49 10 9
45 721 728 312 15 9
45 880 780 436 439 1149 410 3 9
45 880 892 394 24 9
46 45 880 892 394 5 5
46 45 880 893 193 7 5
46 45 913 931 363 6 5
46 45 913 932 468 15 5
46 45 1056 1062 925 223 1 5
46 45 1056 1062 339 7 5
46 439 1149 410 5 5
46 439 55 9 5
46 614 611 36 40 419 11 5
46 614 611 36 41 262 3 5
46 614 611 36 42 5 9 5
46 53 64 5
49 371 334 19 2
49 586 80 20 2
49 304 28 2
60 51 52 62 678 469 10 6
60 51 52 64 407 10 6
60 51 59 43 131 11 6
60 51 61 439 1 6
60 562 506 11 19 6
60 562 726 108 12 6
60 983 165 42 6
60 998 135 249 11 6
60 998 24 38 6
70 53 69 196 15 0
70 53 72 382 1 0
71 53 72 382 19 3
71 657 113 47 3
71 405 14 3
77 55 54 51 61 439 2 5
77 55 75 360 26 5
77 55 76 308 7 5
77 55 79 250 11 5
77 688 44 45 5
77 906 884 905 378 5 5
77 356 54 5
107 35 37 420 13 9
107 86 95 237 5 9
107 86 96 61 26 9
107 108 121 215 3 9
107 210 211 217 255 5 9
107 210 211 497 507 331 3 9
107 210 213 343 2 9
107 210 578 593 0 2 9
107 470 465 468 486 92 9 9
107 470 465 471 284 2 9
107 516 2 13 819 195 36 3 9
107 516 50 51 61 439 1 9
107 516 50 57 97 25 9
107 516 519 309 8 9
107 516 522 271 5 9
107 516 523 110 5 9
107 752 761 353 14 9
107 752 762 142 25 9
107 752 952 963 436 3 9
107 915 396 408 224 1 9
107 915 912 720 727 197 3 9
107 915 912 916 942 409 23 9
107 915 912 925 223 8 9
107 915 936 332 6 9
107 1170 210 1016 537 551 112 1 9
107 1170 497 507 331 14 9
107 1170 497 508 1052 69 1 9
107 1170 722 448 464 70 3 9
107 1170 722 730 240 8 9
107 1170 722 731 230 7 9
107 1170 722 751 755 40 4 9
107 1170 1172 212 219 33 12 9
118 108 121 215 9 1
118 727 197 18 1
118 169 19 1
128 127 149 27 8 9
128 127 151 98 31 9
128 127 154 939 426 4 11 9
128 129 125 135 249 7 9
128 129 125 138 1084 373 161 10 9
128 129 125 138 158 13 9
128 129 158 261 2 9
128 129 176 186 473 5 9
128 129 665 106 110 142 134 1 9
128 129 665 320 323 132 6 9
128 132 163 209 3 9
128 132 164 102 17 9
128 132 165 460 14 9
128 132 166 279 7 9
128 134 131 162 365 3 9
128 134 131 468 486 92 5 9
128 134 169 200 23 9
128 156 788 290 4 9
128 156 450 12 9
128 210 1016 537 551 112 7 9
128 210 1016 1024 306 142 134 6 9
128 910 55 79 250 3 9
128 910 55 80 329 4 9
128 910 55 627 36 42 5 4 9
128 910 55 627 636 384 6 9
128 910 55 723 736 56 8 9
128 910 526 466 480 144 2 9
128 910 918 386 9 9
128 1069 306 19 9
133 56 84 424 502 966 389 649 258 1 9
133 56 84 424 502 966 389 456 5 9
133 56 276 286 213 6 9
133 125 138 158 9 9
133 125 139 12 16 9
133 126 142 134 1 9
133 130 131 468 486 92 1 9
133 130 131 468 487 229 8 9
133 130 160 243 4 9
133 131 468 487 229 1 9
133 131 468 489 204 6 9
133 131 751 755 40 18 9
133 131 751 757 428 182 2 9
133 168 474 155 864 401 11 9
133 296 303 1139 151 6 9
133 296 724 742 361 49 9 9
133 296 724 742 734 408 224 5 9
133 416 538 3 18 876 1124 311 7 9
133 416 1151 1161 408 7 9
133 625 356 297 306 142 134 1 9
133 625 356 297 306 273 8 9
133 783 793 67 16 9
133 783 794 372 9 9
133 783 797 142 134 7 9
133 783 797 183 11 9
133 803 819 195 36 6 9
133 803 820 776 283 5 9
133 803 820 391 13 9
133 870 212 219 33 19 9
133 1033 212 219 33 2 9
133 1033 212 220 437 4 9
133 1033 226 227 237 292 13 9
133 1033 350 225 232 475 2 9
133 1033 445 452 115 1 9
133 1151 1161 408 9 9
133 1151 1163 1136 313 281 1 9
208 193 1 10 511 31 8 4
208 193 205 110 142 134 7 4
208 193 205 110 301 7 4
208 193 206 971 984 452 115 5 4
208 193 207 214 4 4
208 430 418 426 4 13 4
208 430 418 427 37 5 4
208 121 67 4
218 212 220 437 3 3
218 212 222 942 409 3 3
218 212 222 435 8 3
218 984 452 115 6 3
218 984 177 38 3
218 234 22 3
230 225 232 475 7 3
230 225 233 166 9 3
230 225 579 598 453 10 3
230 1103 341 29 3
230 381 37 3
242 809 801 800 808 337 2 4
242 860 844 864 401 7 4
242 211 101 4
259 247 258 457 8 5
259 247 536 547 282 7 5
259 247 725 744 142 134 4 5
259 521 31 5 28 318 297 5 5
259 521 31 5 28 314 2 5
259 521 31 773 449 2 5
259 521 31 1012 72 382 13 5
259 521 31 1012 383 75 8 5
259 1109 1136 313 281 13 5
259 1109 146 36 5
259 28 46 5
274 58 50 57 97 2 6
274 250 270 244 364 4 6
274 250 272 433 24 6
274 250 570 571 218 7 6
274 928 986 380 21 6
274 928 15 20 6
274 389 84 6
291 158 261 19 0
291 277 292 87 1 0
319 311 316 198 330 3 2
319 373 161 42 2
319 32 12 2
343 331 212 222 435 2 3
343 331 345 58 7 3
343 331 1115 1119 1136 313 281 2 3
343 331 1115 1119 1136 20 15 3
343 855 399 19 3
343 163 32 3
359 52 65 14 317 5 9
359 127 154 939 426 4 1 9
359 127 155 864 401 14 9
359 127 155 192 19 9
359 320 323 132 5 9
359 320 324 7 21 9
359 320 326 93 13 9
359 355 361 49 8 9
359 356 297 306 273 12 9
359 356 297 308 1105 369 1 9
359 356 297 308 111 1 9
359 356 364 104 9 9
359 356 365 100 14 9
359 356 369 59 8 9
359 357 373 161 36 9
359 379 755 40 2 9
359 570 571 218 8 9
359 995 497 508 1052 69 10 9
359 995 497 508 440 10 9
359 995 845 868 94 1 9
359 995 996 454 377 21 9
359 1000 537 551 112 2 9
359 1057 297 308 111 18 9
359 1057 842 853 296 11 9
397 54 52 65 14 317 8 9
397 54 74 663 6 5 9
397 54 695 701 154 11 9
397 175 181 66 3 9
397 192 193 207 214 12 9
397 192 202 392 141 4 9
397 192 204 328 1 9
397 192 310 312 830 220 5 9
397 192 1030 1036 438 2 9
397 225 579 598 453 2 9
397 245 106 110 301 1 9
397 249 226 227 237 292 3 9
397 275 278 294 797 183 2 9
397 275 281 507 331 4 9
397 275 281 176 8 9
397 410 466 11 9
397 411 227 32 9
397 577 578 593 0 14 9
397 577 592 1164 50 11 9
397 611 36 42 5 10 9
397 611 176 186 473 5 9
397 1015 311 316 198 330 2 9
397 1015 311 317 1072 1143 82 6 9
397 1015 311 317 1072 357 1 9
397 1015 311 318 297 15 9
397 1015 311 1153 1169 246 6 9
397 1015 841 848 358 20 9
397 1033 445 452 115 11 9
397 1033 445 453 374 8 9
397 1033 465 471 284 5 9
397 1033 800 808 337 22 9
409 396 408 224 5 4
409 510 567 239 19 4
409 510 238 28 4
409 413 73 4
419 390 138 29 2
419 415 108 121 215 14 2
419 83 21 2
446 126 142 134 22 9
446 126 144 321 16 9
446 212 222 435 2 9
446 295 298 320 4 9
446 295 299 198 34 9
446 295 300 817 21 2 9
446 310 312 830 220 3 9
446 310 313 281 4 9
446 310 314 511 31 12 9
446 448 464 70 19 9
446 458 478 19 9
446 626 191 198 330 9 9
446 626 555 561 275 15 9
446 626 555 1056 1062 339 1 9
446 626 632 114 12 9
446 626 633 208 8 9
446 670 691 368 7 9
446 670 692 14 11 9
446 753 275 281 176 9 9
446 753 275 284 221 20 9
446 753 750 754 293 3 9
446 753 764 101 5 9
446 771 776 283 5 9
446 1080 212 222 435 1 9
446 1080 845 868 94 7 9
460 306 273 38 5
460 447 1 11 502 966 389 456 3 5
460 447 1 11 502 966 86 3 5
460 447 1 11 502 345 3 5
460 447 1 11 259 8 5
460 447 462 462 1 5
460 936 332 11 5
460 944 937 915 936 332 5 5
460 266 61 5
473 465 471 284 10 4
473 465 472 89 9 4
473 465 476 16 1 4
473 894 212 44 4
473 294 42 4
515 106 110 301 23 9
515 106 111 318 3 9
515 246 252 75 360 6 9
515 249 267 117 8 9
515 249 268 432 333 3 9
515 249 269 274 2 9
515 320 326 93 7 9
515 320 382 392 141 14 9
515 382 392 141 13 9
515 470 465 476 16 18 9
515 470 577 592 1164 50 1 9
515 470 841 848 358 2 9
515 470 841 849 257 12 9
515 470 841 850 398 12 9
515 517 848 358 7 9
515 526 466 480 144 1 9
515 627 636 384 6 9
515 627 637 135 6 9
515 627 638 74 7 9
515 627 845 868 94 1 9
515 644 663 6 8 9
515 667 677 366 20 9
515 667 678 469 1 9
515 751 757 428 182 13 9
515 751 758 451 11 9
515 751 759 439 55 12 9
515 770 537 551 112 2 9
515 770 773 449 9 9
515 1016 1024 306 273 1 9
515 1016 1025 119 14 9
515 1016 1028 258 457 4 9
515 1016 1028 393 3 9
527 215 189 22 2
527 525 528 452 9 2
527 525 641 882 898 244 4 2
527 248 22 2
532 389 456 33 1
532 526 466 480 144 3 1
532 526 955 978 794 372 1 1
535 126 144 321 4 9
535 134 170 584 346 9 9
535 134 170 325 15 9
535 278 294 797 183 1 9
535 330 334 1103 341 7 9
535 330 334 222 21 9
535 330 338 43 6 9
535 330 339 107 9 9
535 516 523 110 18 9
535 516 524 395 3 9
535 516 835 51 61 439 8 9
535 516 841 850 398 4 9
535 516 1030 1036 438 14 9
535 516 1172 212 222 435 2 9
535 536 547 282 1 9
535 539 411 10 9
535 540 165 460 2 9
535 542 256 13 9
535 543 128 14 9
535 698 395 399 444 3 9
535 723 736 56 1 9
535 723 737 235 4 9
535 950 959 26 5 9
535 950 960 612 1 20 9
535 1056 1062 339 35 9
535 1056 1063 291 5 9
535 1056 1065 798 471 3 9
535 1056 1066 125 5 9
535 1186 575 583 348 6 9
535 1186 575 584 346 2 9
556 5 28 314 27 9
556 53 72 382 29 9
556 53 73 455 6 9
556 193 207 214 3 9
556 193 209 379 29 9
556 332 346 3 14 9
556 576 578 593 0 1 9
556 576 578 594 264 3 9
556 576 587 1062 339 4 9
556 576 587 139 15 9
556 576 589 465 2 9
556 610 612 1 30 9
556 610 1094 1109 146 1 9
556 641 882 898 244 1 9
556 781 786 416 17 9
556 781 788 290 1 9
556 781 803 820 391 9 9
556 995 996 454 377 12 9
556 995 996 455 191 3 9
556 1015 841 850 398 9 9
556 1015 1020 174 1 9
556 1015 1021 507 331 8 9
556 1032 225 579 599 236 1 9
556 1032 641 882 898 244 8 9
556 1032 1041 524 395 6 9
556 1059 576 589 465 10 9
582 575 584 346 29 7
582 575 586 80 11 7
582 594 264 44 7
582 743 43 131 5 7
582 743 725 744 142 134 10 7
582 928 15 24 7
582 175 66 7
588 576 589 465 3 0
588 206 12 0
595 578 594 264 6 1
595 319 21 1
613 33 779 148 28 1
613 610 1094 1109 146 18 1
617 96 61 8 4
617 611 176 186 473 4 4
617 611 176 187 476 8 4
617 611 435 52 65 14 317 8 4
617 611 435 52 66 103 2 4
617 611 435 52 68 187 9 4
617 611 435 227 237 292 1 4
617 611 495 502 345 7 4
617 611 576 590 120 6 4
617 879 967 205 6 4
617 879 30 18 4
617 95 41 4
630 625 356 369 59 5 2
630 625 620 126 144 321 1 2
630 625 620 126 147 152 15 2
630 625 620 578 594 264 4 2
630 961 837 759 439 55 8 2
630 961 837 759 428 12 2
630 961 84 26 2
640 275 284 221 4 9
640 275 297 308 111 2 9
640 275 297 309 375 15 9
640 275 1153 1169 246 13 9
640 297 309 375 2 9
640 320 382 393 682 169 200 5 9
640 320 382 394 437 323 132 2 9
640 320 382 394 338 10 9
640 357 373 161 2 9
640 357 374 761 353 3 9
640 357 374 454 7 9
640 436 439 55 14 9
640 436 440 1051 263 2 9
640 436 440 1066 125 10 9
640 436 442 322 8 9
640 436 444 202 4 9
640 538 3 18 876 1124 311 9 9
640 643 655 164 18 9
640 643 657 113 10 9
640 643 658 313 12 9
640 870 212 222 435 8 9
640 871 495 502 345 1 9
640 871 876 1124 311 9 9
640 871 879 30 4 9
640 883 6 34 52 5 9
640 883 176 187 476 6 9
640 883 901 151 98 1 9
640 883 902 155 192 11 9
640 995 996 455 191 8 9
640 995 997 277 16 9
640 995 998 24 7 9
640 1152 321 328 367 2 9
640 1152 332 346 3 4 9
640 1152 1167 448 11 9
640 1152 1168 105 5 9
650 642 643 658 313 7 5
650 642 649 258 18 5
650 642 652 149 19 5
650 765 753 764 101 7 5
650 765 29 32 5
650 25 50 5
651 78 155 46 3
651 558 1063 291 10 3
651 642 652 149 6 3
651 385 36 3
656 643 658 313 8 3
656 643 660 1138 925 223 2 3
656 643 660 406 6 3
656 673 349 24 3
656 447 55 3
668 4 466 480 144 1 9
668 4 466 481 18 4 9
668 45 1056 1066 125 24 9
668 45 1094 1109 146 11 9
668 45 1152 1168 105 2 9
668 88 176 187 476 6 9
668 88 537 551 112 9 9
668 88 643 660 406 1 9
668 88 643 661 335 4 9
668 88 643 723 737 235 1 9
668 88 835 51 61 439 2 9
668 88 835 382 394 338 12 9
668 88 835 382 952 963 436 2 9
668 88 835 468 489 204 10 9
668 333 332 346 3 6 9
668 333 348 969 808 337 2 9
668 333 348 969 359 2 9
668 333 1119 1136 20 21 9
668 570 571 218 5 9
668 580 601 76 29 9
668 620 578 594 264 3 9
668 620 578 597 1145 133 7 9
668 620 578 597 22 11 9
668 665 320 497 508 440 5 9
668 665 671 660 406 14 9
668 665 955 978 794 372 5 9
668 666 667 678 469 5 9
668 666 667 681 124 8 9
668 844 864 401 12 9
668 844 866 168 12 9
668 844 1030 1036 438 14 9
683 171 68 13 2
683 668 844 1030 1036 438 1 2
683 964 130 8 2
683 1162 150 12 2
683 324 33 2
697 228 2 13 819 195 36 9 9
697 228 2 13 247 7 9
697 228 241 165 460 7 9
697 228 241 762 142 4 9
697 381 388 180 13 9
697 381 389 456 1 9
697 695 701 154 12 9
697 696 418 427 37 3 9
697 696 418 428 182 7 9
697 696 418 432 333 14 9
697 696 610 1094 1109 146 3 9
697 696 708 396 9 9
697 698 395 399 444 8 9
697 698 395 401 232 1 9
697 698 395 403 1137 109 1 9
697 698 395 403 167 5 9
697 699 718 784 355 25 9
697 699 719 502 345 4 9
697 699 806 830 220 2 9
697 699 806 831 251 6 9
697 835 468 489 204 1 9
697 835 468 491 278 17 9
697 835 497 508 440 10 9
697 835 497 509 404 5 9
697 835 1092 1100 418 5 9
697 882 898 244 2 9
697 995 998 24 4 9
697 1016 1028 393 3 9
697 1059 620 578 597 22 3 9
697 1091 276 286 213 11 9
697 1091 382 952 963 436 12 9
697 1091 382 952 964 130 3 9
697 1170 1172 212 222 435 2 9
697 1170 1172 212 223 233 5 9
697 1170 1173 472 26 9
700 695 705 77 18 3
700 1026 199 24 3
700 63 45 3
714 430 78 43 5
714 645 393 682 169 200 3 5
714 645 393 682 299 8 5
714 645 828 373 6 5
714 207 86 5
747 236 172 41 3
747 725 744 142 134 15 3
747 422 33 3
749 162 365 13 4
749 725 744 142 134 1 4
749 725 748 270 20 4
749 872 46 48 4
749 387 36 4
767 25 4 466 481 18 1 5
767 25 1079 42 4 5
767 1046 242 40 5
767 400 83 5
769 753 764 101 3 1
769 753 803 820 391 2 1
769 753 803 825 118 2 1
769 1019 186 24 1
769 362 13 1
782 190 194 336 14 9
782 190 195 36 13 9
782 310 314 129 5 9
782 310 842 853 296 2 9
782 417 36 881 894 212 11 9
782 417 424 467 20 9
782 445 453 374 8 9
782 557 564 254 30 9
782 695 705 77 6 9
782 698 395 403 167 12 9
782 698 395 1119 1136 20 4 9
782 698 395 1119 1137 109 4 9
782 752 952 964 130 19 9
782 752 952 966 86 3 9
782 752 1119 1137 109 10 9
782 781 803 825 118 15 9
782 789 270 244 364 2 9
782 789 443 39 9
782 790 72 3 9
782 791 156 4 9
782 792 19 20 9
782 1118 1134 71 6 9
795 161 54 32 2
795 783 797 183 1 2
795 8 22 2
796 783 797 183 5 1
796 1146 290 79 12 1
796 1146 147 12 1
796 307 18 1
816 314 129 35 2
816 802 278 294 797 183 4 2
816 802 278 294 45 11 2
816 402 25 2
832 583 348 46 7
832 704 288 8 7
832 806 831 251 3 7
832 806 833 136 21 7
832 984 177 41 7
832 1042 777 430 25 7
832 350 55 7
885 321 328 367 15 9
885 321 468 491 278 1 9
885 357 374 454 35 9
885 357 375 143 2 9
885 380 383 75 18 9
885 380 497 509 404 9 9
885 436 444 202 16 9
885 498 511 31 4 9
885 611 576 590 120 3 9
885 611 616 597 22 9 9
885 611 618 126 11 9
885 611 619 48 17 9
885 611 780 436 843 859 1060 289 5 9
885 721 728 312 23 9
885 721 729 162 6 9
885 721 835 1092 1100 418 2 9
885 750 754 293 3 9
885 771 776 283 18 9
885 771 777 430 8 9
885 771 779 148 10 9
885 908 216 6 9
885 909 14 317 12 9
885 1091 382 952 966 86 4 9
885 1091 570 571 218 11 9
885 1091 917 947 178 2 9
920 112 64 23 2
920 911 498 511 31 8 2
920 260 22 2
934 74 663 6 19 7
934 74 252 28 7
934 433 418 432 333 11 7
934 433 390 30 7
934 914 278 294 45 6 7
934 914 557 564 254 6 7
934 914 557 565 17 7 7
934 914 557 567 239 7 7
934 914 557 568 303 10 7
934 446 71 7
940 293 241 35 8
940 491 278 33 8
940 915 936 332 16 8
940 915 938 203 14 8
940 915 939 426 4 2 8
940 1082 1080 845 868 94 5 8
940 1082 1080 845 869 776 283 9 8
940 300 87 8
943 916 942 409 2 2
943 1110 57 33 2
943 38 23 2
951 415 108 121 215 2 9
951 415 108 122 302 1 9
951 415 330 339 107 5 9
951 415 330 340 336 936 332 19 9
951 415 330 956 984 177 11 9
951 498 511 31 1 9
951 578 597 22 16 9
951 620 578 597 22 7 9
951 626 633 208 1 9
951 626 634 137 18 9
951 626 841 850 398 19 9
951 770 773 449 5 9
951 805 108 124 445 14 9
951 805 108 557 568 303 7 9
951 805 610 1094 1109 146 7 9
951 805 827 365 100 15 9
951 950 960 612 1 3 9
951 952 966 86 8 9
951 952 967 205 2 9
951 953 226 227 237 292 7 9
951 953 956 984 177 19 9
951 953 956 986 380 1 9
951 953 957 956 986 380 3 9
951 954 975 748 270 13 9
951 955 978 794 372 4 9
951 955 981 116 9 9
951 956 986 380 2 9
951 957 956 986 380 3 9
951 958 227 237 292 1 9
951 962 414 27 9
970 93 85 225 579 599 236 12 1
970 93 268 25 1
970 953 957 956 986 380 1 1
970 953 957 989 265 1 1
970 953 971 984 177 1 1
972 847 732 722 751 759 428 16 3
972 847 13 30 3
972 1072 357 2 3
972 287 29 3
980 450 797 183 6 2
980 458 478 22 2
980 955 981 116 9 2
980 340 27 2
991 372 712 376 14 2
991 958 227 237 292 4 2
991 958 227 239 464 6 2
991 958 227 240 1038 173 4 2
991 958 227 240 1084 373 161 1 2
991 316 40 2
993 684 415 29 6
993 958 227 240 1084 373 161 2 6
993 958 956 986 380 9 6
993 958 956 988 272 1 6
993 958 990 51 8 6
993 958 992 10 18 6
993 1178 429 33 6
993 62 66 6
1001 3 19 47 14 9
1001 3 20 228 18 9
1001 87 85 225 579 599 236 2 9
1001 87 85 1094 1109 146 1 9
1001 87 97 463 16 9
1001 87 99 421 7 9
1001 87 210 1016 1028 393 19 9
1001 87 228 241 762 142 1 9
1001 87 469 492 347 2 9
1001 435 227 240 1084 373 161 6 9
1001 435 437 323 132 1 9
1001 435 437 217 28 9
1001 435 497 509 404 2 9
1001 435 497 510 238 10 9
1001 436 843 859 1060 289 4 9
1001 436 1153 1169 246 1 9
1001 580 601 76 8 9
1001 698 395 1119 1137 109 9 9
1001 698 570 571 218 1 9
1001 698 570 572 295 5 9
1001 698 711 127 9 9
1001 698 712 376 19 9
1001 1000 537 551 112 6 9
1001 1005 474 11 9
1001 1006 280 5 9
1001 1007 185 24 9
1001 1017 469 492 347 9 9
1001 1017 1030 1036 438 2 9
1001 1017 1030 1037 140 10 9
1004 78 155 30 4
1004 354 688 44 20 4
1004 1000 537 551 112 3 4
1004 1000 1003 1143 82 6 4
1004 1000 1003 39 11 4
1004 310 51 4
1034 190 195 36 21 9
1034 248 246 252 75 360 7 9
1034 248 264 326 24 9
1034 355 361 49 29 9
1034 355 445 453 374 4 9
1034 770 773 449 22 9
1034 770 775 219 6 9
1034 995 998 24 20 9
1034 1047 479 12 9
1034 1048 426 28 9
1034 1049 99 25 9
1034 1050 1164 50 1 9
1034 1050 425 9 9
1034 1051 263 9 9
1034 1052 69 10 9
1034 1054 153 20 9
1034 1056 1066 125 3 9
1053 103 442 20 2
1053 1034 1056 1066 125 9 2
1053 1034 1120 570 572 295 6 2
1053 1034 1120 1118 1134 71 3 2
1053 159 18 2
1055 35 37 420 14 9
1055 35 1153 1169 246 3 9
1055 50 57 97 2 9
1055 495 502 345 8 9
1055 537 551 112 8 9
1055 570 572 295 19 9
1055 570 573 397 11 9
1055 669 686 487 229 16 9
1055 1059 620 578 597 22 1 9
1055 1059 620 624 427 7 9
1055 1059 1078 195 5 9
1055 1059 1079 42 8 9
1055 1060 289 35 9
1055 1081 356 369 59 3 9
1055 1081 467 483 599 236 1 9
1055 1081 467 483 728 312 11 9
1055 1081 1002 1012 383 75 15 9
1055 1172 212 223 233 4 9
1055 1172 212 224 60 7 9
1055 1172 1153 1169 246 4 9
1055 1172 1184 305 31 9
1055 1185 1190 245 30 9
1055 1185 1191 122 7 9
1058 36 881 894 212 4 9
1058 132 166 279 10 9
1058 228 241 762 142 13 9
1058 228 244 364 20 9
1058 228 1080 845 869 776 283 12 9
1058 228 1080 1084 373 161 1 9
1058 310 842 854 123 2 9
1058 350 225 579 599 236 10 9
1058 350 351 370 11 9
1058 667 681 124 1 9
1058 667 682 299 36 9
1058 802 278 294 45 1 9
1058 802 801 800 808 337 4 9
1058 802 801 806 833 136 1 9
1058 802 801 810 231 4 9
1058 802 801 811 371 11 9
1058 802 815 9 9 9
1058 802 817 21 1 9
1058 802 818 323 8 9
1058 802 1153 1169 246 2 9
1058 802 1186 575 586 80 7 9
1058 870 212 224 60 2 9
1058 870 872 46 7 9
1058 870 875 73 1 9
1058 911 498 511 31 17 9
1058 911 498 512 1060 289 3 9
1058 911 498 513 1142 434 4 9
1058 911 921 461 4 9
1058 1071 902 155 192 12 9
1058 1071 276 10 9
1058 1072 357 4 9
1058 1073 81 3 9
1058 1115 1119 1137 109 8 9
1058 1115 1119 1138 925 223 5 9
1058 1115 1119 1138 431 2 9
1070 693 157 23 11 3
1070 693 432 19 3
1070 160 46 3
1088 1081 1002 1012 383 75 2 2
1088 1081 1085 226 4 2
1088 1184 305 27 2
1088 352 18 2
1090 50 57 97 3 9
1090 106 111 318 19 9
1090 106 175 181 66 4 9
1090 106 175 183 441 20 9
1090 106 175 184 267 6 9
1090 246 252 75 360 2 9
1090 246 252 96 18 9
1090 246 253 2 8 9
1090 246 257 354 22 9
1090 276 286 213 9 9
1090 276 287 88 6 9
1090 536 547 282 18 9
1090 536 549 1052 69 2 9
1090 536 549 171 18 9
1090 620 624 427 18 9
1090 952 967 205 19 9
1090 952 969 359 28 9
1090 1015 1021 507 331 1 9
1090 1094 1109 146 2 9
1090 1094 1110 57 8 9
1090 1094 1113 571 218 2 9
1090 1150 355 445 453 374 2 9
1090 1150 398 412 392 9 9
1090 1150 800 808 337 6 9
1093 191 198 330 19 9
1093 225 579 599 236 2 9
1093 447 462 462 27 9
1093 447 463 201 2 9
1093 625 620 624 427 8 9
1093 625 620 882 898 244 3 9
1093 625 628 423 8 9
1093 625 631 194 15 9
1093 625 770 775 219 5 9
1093 783 797 183 3 9
1093 783 798 471 2 9
1093 783 884 905 378 2 9
1093 783 884 907 948 417 14 9
1093 954 975 748 270 4 9
1093 1092 1100 418 3 9
1093 1092 1101 344 2 9
1093 1092 1102 181 26 9
1093 1103 341 30 9
1093 1105 369 16 9
1093 1107 92 849 257 10 9
1093 1107 91 29 9
1093 1116 1126 157 20 9
1098 394 338 32 3
1098 1091 917 947 178 5 3
1098 1091 917 948 417 23 3
1098 1091 1099 361 1 3
1098 286 23 3
1121 2 13 247 6 9
1121 277 292 87 10 9
1121 311 1153 1169 246 1 9
1121 350 351 370 3 9
1121 350 498 514 383 12 9
1121 912 925 223 12 9
1121 1115 1119 1138 431 7 9
1121 1115 1123 65 5 9
1121 1115 1124 311 35 9
1121 1117 1128 1110 57 3 9
1121 1117 1132 41 22 9
1121 1118 1134 71 10 9
1121 1118 1135 458 23 9
1121 1119 1138 431 19 9
1121 1119 1139 151 7 9
1121 1120 1118 1135 458 18 9
1121 1120 1142 434 1 9
1121 1120 1143 82 9 9
1121 1145 133 34 9
1121 1146 147 1 9
1121 1148 76 308 2 9
1121 1149 410 10 9
1156 174 134 170 325 8 2
1156 174 470 30 2
1156 1150 800 808 337 7 2
1156 1150 1158 424 4 2
1156 412 13 2
1171 2 13 247 13 9
1171 2 14 317 6 9
1171 278 294 45 15 9
1171 295 300 817 21 8 9
1171 295 300 145 20 9
1171 350 498 514 383 7 9
1171 350 720 727 197 2 9
1171 350 806 833 136 3 9
1171 358 276 287 88 8 9
1171 358 276 289 35 1 9
1171 358 377 188 12 9
1171 358 955 981 116 4 9
1171 358 955 983 165 4 9
1171 415 330 956 988 272 8 9
1171 415 381 389 456 5 9
1171 415 557 568 303 9 9
1171 415 557 569 351 13 9
1171 415 720 727 197 7 9
1171 495 502 345 1 9
1171 537 551 112 4 9
1171 537 552 179 11 9
1171 771 779 148 6 9
1171 914 557 569 351 1 9
1171 953 971 984 177 5 9
1171 956 988 272 12 9
1171 1017 1030 1037 140 12 9
1171 1017 1030 1038 173 17 9
1171 1081 1086 285 4 9
1171 1094 1113 571 218 2 9
1171 1094 1113 170 5 9
1171 1177 90 23 9
1171 1182 225 2 9
1175 866 168 29 3
1175 961 84 38 3
1175 1170 1173 472 1 3
1175 1170 1174 599 236 29 3
1187 177 175 184 267 7 9
1187 177 381 389 456 24 9
1187 177 381 445 453 374 2 9
1187 177 381 445 455 191 5 9
1187 177 1000 1003 39 2 9
1187 177 1186 575 586 80 6 9
1187 226 227 240 1084 373 161 2 9
1187 245 106 536 549 171 1 9
1187 245 250 570 573 397 12 9
1187 350 806 833 136 1 9
1187 350 806 834 184 11 9
1187 350 1094 1113 170 8 9
1187 465 476 16 2 9
1187 495 502 345 15 9
1187 495 504 68 187 23 9
1187 495 505 403 6 9
1187 626 841 851 608 584 346 3 9
1187 954 975 748 270 8 9
1187 954 977 388 3 9
1187 1151 1163 1136 20 3 9
1187 1151 1164 50 26 9
1187 1151 1165 315 13 9
1187 1186 575 586 80 1 9
1187 1186 1193 432 333 2 9
1187 1186 1196 253 12 9
1187 1198 1069 306 18 9
1187 1199 392 141 3 9
1187 1199 1109 146 31 9
